-------------------------
POWER FLOW - AC
-------------------------

 System: ['SIST_6BUS_AC']

----------------------------------------------------------------------------------------------------------------------------------------------------------
BUS REPORT:                                                                                                           |      VIOLATIONS      |
----------------------------------------------------------------------------------------------------------------------------------------------------------
  Bus    V (pu)    Theta (°)   Pi (MW)      Qi (MW)      PG (MW)      QG (MW)    CapG (MW)      PL (MW)     QL (MW)      V      PG      QG        Pr (MW)
    1    1.0999      0.00      90.5615      47.8042      90.5615      47.8042     200.0000       0.0000      0.0000                                     
    2    1.0777     -1.94      66.9910      43.2337      66.9910      43.2337     150.0000       0.0000      0.0000                                     
    3    1.0991     -2.54      64.3192      87.6653      64.3192      87.6653     180.0000       0.0000      0.0000                                     
    4    1.0246     -3.03       0.0000       0.0000       0.0000       0.0000       0.0000      71.7015     71.7024                                0.0009
    5    1.0207     -3.94       0.0000       0.0000       0.0000       0.0000       0.0000      71.7015     71.7024                                0.0009
    6    1.0347     -4.23       0.0000       0.0000       0.0000       0.0000       0.0000      71.7018     71.7024                                0.0006
----------------------------------------------------------------------------------------------------------------------------------------------------------
Total:                                                  221.8717     178.7032                  215.1048    215.1072                                0.0024 
----------------------------------------------------------------------------------------------------------------------------------------------------------

----------------------------------------------------------------------------------------------------------------------------------------------------------
CIRCUIT REPORT:
----------------------------------------------------------------------------------------------------------------------------------------------------------
BusFrom    BusTo     Pij (MW)      Qij (MW)      Sij (MW)      Pji (MW)     Qji (MW)      Sji (MW)     Ploss(MW)    Qloss(MW)    Cap (MVA)    Overload (%)
      1        2      21.0941       -0.4155       21.0982      -20.7230      -3.5850       21.0308        0.3711      -4.0005      40.0000       ---
      1        4      37.9891       30.2923       48.5880      -36.9505     -30.6570       48.0124        1.0387      -0.3647      60.0000       ---
      1        5      31.4783       17.9274       36.2254      -30.5158     -21.0728       37.0848        0.9625      -3.1454      40.0000       ---
      2        3       3.0023      -13.2683       13.6037       -2.9572       6.3852        7.0368        0.0451      -6.8831      40.0000       ---
      2        4      39.7800       36.3881       53.9124      -38.4918     -36.0231       52.7189        1.2882       0.3650      60.0000       ---
      2        5      17.7343       12.4917       21.6921      -17.2746     -15.5190       23.2217        0.4597      -3.0273      30.0000       ---
      2        6      27.1974       11.2072       29.4160      -26.6316     -15.1709       30.6496        0.5658      -3.9637      90.0000       ---
      3        5      21.3567       20.4085       29.5400      -20.3583     -23.8698       31.3724        0.9983      -3.4613      70.0000       ---
      3        6      45.9197       60.8715       76.2494      -44.9326     -58.2143       73.5380        0.9872       2.6572      80.0000       ---
      4        5       3.7408       -5.0223        6.2623       -3.7129      -3.2882        4.9596        0.0279      -8.3104      20.0000       ---
      5        6       0.1601       -7.9527        7.9543       -0.1377       1.6828        1.6884        0.0224      -6.2699      40.0000       ---
----------------------------------------------------------------------------------------------------------------------------------------------------------
Total:                                                                                                    6.7669     -36.4040                   0.0000
----------------------------------------------------------------------------------------------------------------------------------------------------------

